Method(Stud,Ques),Min,Median,Mean,Max,Std
Umati:(7, 3),2,2.0,3.72,52,6.62733732354
Results:[55, 43, 1, 0, 1]
MTurk:(7, 3),2,2.0,1603.64,10000,3664.47965616
Results:[50, 2, 12, 2, 18]
Umati:(6, 9),2,2.0,2.08,4,0.391918358845
Results:[1, 1, 2, 0, 96]
MTurk:(6, 9),2,2.0,2602.6,10000,4384.80254059
Results:[34, 6, 27, 3, 4]
Umati:(7, 12),2,2.0,3.36,22,3.75105318544
Results:[87, 0, 7, 6, 0]
MTurk:(7, 12),2,2.0,2003.7,10000,3998.15670903
Results:[3, 24, 3, 45, 5]
Umati:(1, 6),2,2.0,2801.78,10000,4488.8790128
Results:[20, 11, 18, 17, 6]
MTurk:(1, 6),2,2.0,20.52,904,98.3054911996
Results:[12, 1, 81, 0, 6]
Umati:(3, 7),2,2.0,2.04,4,0.28
Results:[2, 0, 0, 0, 98]
MTurk:(3, 7),2,2.0,2502.88,10000,4328.4680368
Results:[0, 17, 4, 14, 40]
Umati:(2, 5),2,2.0,3.34,82,8.17828832947
Results:[7, 0, 1, 1, 91]
MTurk:(2, 5),2,2.0,2902.38,10000,4536.1005253
Results:[15, 12, 8, 35, 1]
Umati:(8, 5),2,2.0,1302.92,10000,3361.90793949
Results:[9, 0, 3, 32, 43]
MTurk:(8, 5),2,2.0,603.4,10000,2374.01412801
Results:[35, 56, 1, 0, 2]
Umati:(5, 8),2,2.0,2.08,6,0.483321838944
Results:[98, 0, 1, 0, 1]
MTurk:(5, 8),2,2.0,10.5,340,37.6131625897
Results:[89, 1, 4, 5, 1]
Umati:(6, 7),2,2.0,2.32,12,1.31818056426
Results:[6, 0, 1, 2, 91]
MTurk:(6, 7),2,2.0,1702.18,10000,3755.34205201
Results:[14, 1, 2, 22, 44]
Umati:(5, 5),2,2.0,3.72,58,7.66822013247
Results:[87, 1, 5, 0, 7]
MTurk:(5, 5),2,2.0,2102.3,10000,4071.89723225
Results:[28, 35, 15, 1, 0]
Umati:(7, 6),2,2.0,204.62,10000,1399.40429312
Results:[33, 3, 7, 0, 55]
MTurk:(7, 6),2,2.0,3501.82,10000,4768.36076735
Results:[30, 6, 7, 21, 1]
Umati:(6, 10),2,2.0,2.6,16,2.08806130178
Results:[1, 1, 2, 8, 88]
MTurk:(6, 10),2,2.0,1503.34,10000,3569.31855743
Results:[23, 1, 10, 5, 46]
Umati:(1, 1),2,2.0,2.12,6,0.552810998443
Results:[98, 0, 2, 0, 0]
MTurk:(1, 1),2,2.0,9.0,418,42.2833300486
Results:[83, 1, 1, 13, 2]
Umati:(4, 10),2,2.0,2.74,16,2.03283053893
Results:[0, 1, 0, 15, 84]
MTurk:(4, 10),2,2.0,8.74,244,29.8404490583
Results:[0, 3, 12, 4, 81]
Umati:(3, 2),2,2.0,2.52,14,1.82471915647
Results:[2, 1, 0, 6, 91]
MTurk:(3, 2),2,2.0,714.58,10000,2548.93790109
Results:[1, 1, 30, 58, 3]
Umati:(2, 6),2,2.0,2.12,10,0.84
Results:[97, 0, 0, 3, 0]
MTurk:(2, 6),2,2.0,10.06,184,27.8818292083
Results:[75, 0, 11, 12, 2]
Umati:(8, 2),2,2.0,2.6,30,3.0
Results:[2, 0, 2, 4, 92]
MTurk:(8, 2),2,2.0,419.64,10000,1957.66753827
Results:[13, 2, 66, 13, 2]
Umati:(5, 11),2,2.0,2.92,20,2.62937254873
Results:[5, 2, 0, 2, 91]
MTurk:(5, 11),2,2.0,2502.3,10000,4328.80065954
Results:[40, 8, 9, 2, 16]
Umati:(4, 5),2,2.0,4.06,44,6.12179712176
Results:[10, 0, 6, 6, 78]
MTurk:(4, 5),2,2.0,2502.1,10000,4328.91580306
Results:[23, 15, 17, 2, 18]
Umati:(9, 3),2,2.0,2.22,22,1.99789889634
Results:[17, 0, 0, 0, 83]
MTurk:(9, 3),2,2.0,11.82,522,53.668683606
Results:[14, 1, 2, 3, 80]
Umati:(7, 5),2,2.0,3.14,24,3.16550154004
Results:[6, 0, 3, 0, 91]
MTurk:(7, 5),2,2.0,1502.36,10000,3569.72347814
Results:[28, 29, 25, 3, 0]
Umati:(8, 12),2,2.0,2.22,8,0.889719056781
Results:[90, 2, 6, 1, 1]
MTurk:(8, 12),2,2.0,1801.9,10000,3840.98446105
Results:[14, 20, 5, 43, 0]
Umati:(3, 1),2,2.0,2.26,10,1.04517941044
Results:[97, 1, 0, 0, 2]
MTurk:(3, 1),2,2.0,8.2,192,23.1266080522
Results:[82, 1, 3, 0, 14]
Umati:(9, 9),2,2.0,2.02,4,0.198997487421
Results:[9, 0, 1, 0, 90]
MTurk:(9, 9),2,2.0,2402.84,10000,4269.23684215
Results:[28, 2, 1, 1, 44]
Umati:(6, 13),2,4.0,3801.76,10000,4852.48677921
Results:[8, 12, 12, 18, 12]
MTurk:(6, 13),2,2.0,2901.76,10000,4536.4958572
Results:[23, 0, 37, 5, 6]
Umati:(7, 8),2,2.0,2.18,10,0.942125257065
Results:[97, 0, 0, 0, 3]
MTurk:(7, 8),2,2.0,5.18,96,11.7374443556
Results:[82, 7, 1, 0, 10]
Umati:(2, 1),2,2.0,4.48,42,7.09997183093
Results:[28, 0, 0, 0, 72]
MTurk:(2, 1),2,2.0,2402.26,10000,4269.56209141
Results:[37, 20, 1, 17, 1]
Umati:(8, 9),2,2.0,2.92,14,2.32241253872
Results:[91, 4, 3, 0, 2]
MTurk:(8, 9),2,2.0,1903.0,10000,3921.55796081
Results:[36, 31, 5, 6, 3]
Umati:(4, 12),2,2.0,3.98,42,5.82748659372
Results:[89, 3, 5, 3, 0]
MTurk:(4, 12),2,2.0,2402.0,10000,4269.70760591
Results:[25, 13, 13, 24, 1]
Umati:(9, 4),2,2.0,3.74,66,6.97225931818
Results:[5, 3, 2, 6, 84]
MTurk:(9, 4),2,2.0,1702.34,10000,3755.26992963
Results:[44, 4, 21, 0, 14]
Umati:(5, 1),2,2.0,2.12,8,0.682348884369
Results:[91, 8, 0, 1, 0]
MTurk:(5, 1),2,2.0,12.02,336,41.4057918654
Results:[84, 2, 1, 1, 12]
Umati:(7, 2),2,2.0,7.42,260,27.934630837
Results:[2, 0, 0, 30, 68]
MTurk:(7, 2),2,2.0,3901.66,10000,4876.17230258
Results:[25, 13, 0, 13, 10]
Umati:(1, 5),2,2.0,3.76,32,5.06185736662
Results:[89, 8, 3, 0, 0]
MTurk:(1, 5),2,2.0,2801.86,10000,4488.82923048
Results:[0, 15, 29, 11, 17]
Umati:(3, 6),2,2.0,2.7,12,1.96723155729
Results:[23, 0, 0, 2, 75]
MTurk:(3, 6),2,2.0,23.02,1210,124.750789977
Results:[11, 1, 10, 0, 78]
Umati:(2, 2),2,2.0,2.24,8,0.9068627239
Results:[0, 1, 0, 2, 97]
MTurk:(2, 2),2,2.0,3.58,38,5.87397650659
Results:[6, 1, 0, 80, 13]
Umati:(8, 6),2,2.0,2.4,16,1.81107702763
Results:[14, 0, 0, 0, 86]
MTurk:(8, 6),2,2.0,1402.34,10000,3468.92667037
Results:[26, 0, 1, 11, 48]
Umati:(4, 1),2,2.0,2.32,8,1.00876161703
Results:[97, 2, 0, 0, 1]
MTurk:(4, 1),2,2.0,12.64,704,70.4697835955
Results:[73, 2, 4, 17, 4]
Umati:(9, 7),2,2.0,2.36,16,1.6094719631
Results:[22, 0, 2, 1, 75]
MTurk:(9, 7),2,2.0,2.44,20,2.07036228714
Results:[4, 3, 2, 3, 88]
Umati:(6, 4),2,2.0,804.22,10000,2711.7099977
Results:[33, 0, 4, 2, 53]
MTurk:(6, 4),2,2.0,1103.3,10000,3127.73973821
Results:[3, 3, 19, 52, 12]
Umati:(5, 4),2,2.0,7.82,138,21.8010917158
Results:[81, 3, 12, 2, 2]
MTurk:(5, 4),2,2.0,2202.22,10000,4141.28452435
Results:[18, 1, 19, 20, 20]
Umati:(7, 1),2,2.0,4001.42,10000,4897.82018694
Results:[15, 6, 19, 9, 11]
MTurk:(7, 1),2,2.0,903.28,10000,2860.78974439
Results:[49, 2, 3, 37, 0]
Umati:(6, 11),2,2.0,2.02,4,0.198997487421
Results:[1, 0, 0, 0, 99]
MTurk:(6, 11),2,2.0,1103.22,10000,3127.77704954
Results:[54, 0, 2, 9, 24]
Umati:(4, 11),2,2.0,2.22,10,0.933595201359
Results:[96, 1, 2, 0, 1]
MTurk:(4, 11),2,2.0,1504.26,10000,3568.93580391
Results:[53, 9, 15, 8, 0]
Umati:(3, 5),2,2.0,4.9,68,9.55562661472
Results:[8, 0, 1, 5, 86]
MTurk:(3, 5),2,2.0,709.6,10000,2549.41530552
Results:[2, 70, 8, 1, 12]
Umati:(2, 7),2,2.0,2103.02,10000,4071.52740376
Results:[2, 7, 14, 6, 50]
MTurk:(2, 7),2,2.0,1702.66,10000,3755.12637396
Results:[47, 2, 5, 13, 16]
Umati:(9, 13),2,2.0,3.2,48,5.0199601592
Results:[2, 1, 0, 10, 87]
MTurk:(9, 13),2,2.0,1102.78,10000,3127.92213324
Results:[51, 0, 2, 12, 24]
Umati:(8, 3),2,2.0,2702.36,10000,4438.16111812
Results:[7, 40, 15, 7, 4]
MTurk:(8, 3),2,2.0,2202.02,10000,4141.39045727
Results:[23, 18, 24, 2, 11]
Umati:(5, 10),2,2.0,2.22,6,0.742697785105
Results:[0, 0, 0, 11, 89]
MTurk:(5, 10),2,2.0,2701.82,10000,4438.48792356
Results:[29, 5, 4, 6, 29]
Umati:(4, 6),2,2.0,2702.2,10000,4438.25750943
Results:[24, 32, 2, 15, 0]
MTurk:(4, 6),2,2.0,3101.86,10000,4623.68613342
Results:[0, 10, 27, 26, 6]
Umati:(9, 2),2,2.0,2.08,8,0.627375485654
Results:[7, 0, 0, 0, 93]
MTurk:(9, 2),2,2.0,2002.66,10000,3998.67257029
Results:[2, 3, 36, 12, 27]
Umati:(6, 1),2,2.0,2.68,22,2.77445490142
Results:[77, 19, 3, 1, 0]
MTurk:(6, 1),2,2.0,1602.66,10000,3664.90154907
Results:[44, 1, 3, 16, 20]
Umati:(5, 7),2,2.0,2702.84,10000,4437.86953553
Results:[2, 10, 2, 50, 9]
MTurk:(5, 7),2,2.0,1503.6,10000,3569.20618625
Results:[39, 0, 1, 24, 21]
Umati:(7, 4),2,2.0,639.14,10000,2392.42989874
Results:[60, 0, 2, 22, 10]
MTurk:(7, 4),2,2.0,4.3,72,9.53047742771
Results:[0, 1, 16, 81, 2]
Umati:(1, 3),2,2.0,3401.88,10000,4735.73860613
Results:[20, 25, 15, 3, 3]
MTurk:(1, 3),2,2.0,1802.32,10000,3840.78875983
Results:[1, 18, 43, 20, 0]
Umati:(8, 13),2,2.0,1604.76,10000,3664.00272685
Results:[8, 2, 4, 13, 57]
MTurk:(8, 13),2,2.0,504.5,10000,2178.47097525
Results:[50, 1, 0, 39, 5]
Umati:(4, 8),2,2.0,2.82,14,2.21079171339
Results:[94, 0, 5, 0, 1]
MTurk:(4, 8),2,2.0,1303.5,10000,3361.69357765
Results:[42, 1, 38, 6, 0]
Umati:(2, 8),2,2.0,2502.08,10000,4328.92661911
Results:[28, 4, 15, 2, 26]
MTurk:(2, 8),2,2.0,1502.36,10000,3569.72327645
Results:[32, 0, 29, 22, 2]
Umati:(9, 8),2,2.0,2.06,8,0.596992462264
Results:[1, 0, 0, 0, 99]
MTurk:(9, 8),2,2.0,304.4,10000,1705.12270526
Results:[47, 2, 0, 47, 1]
Umati:(5, 13),2,2.0,2303.74,10000,4206.28591187
Results:[3, 5, 4, 9, 56]
MTurk:(5, 13),2,2.0,1902.14,10000,3921.97296528
Results:[34, 5, 15, 0, 27]
Umati:(6, 2),2,2.0,5.68,100,12.6260682716
Results:[0, 0, 82, 10, 8]
MTurk:(6, 2),2,2.0,2802.06,10000,4488.70464571
Results:[38, 1, 10, 8, 15]
Umati:(7, 11),2,2.0,4.22,40,6.86961425409
Results:[4, 1, 5, 0, 90]
MTurk:(7, 11),2,2.0,2602.24,10000,4385.0153503
Results:[39, 13, 10, 4, 8]
Umati:(8, 10),2,2.0,317.82,10000,1706.85048191
Results:[70, 16, 9, 2, 0]
MTurk:(8, 10),2,2.0,3.56,76,7.68676785131
Results:[71, 1, 4, 1, 23]
Umati:(4, 13),2,2.0,4.42,144,14.3004755166
Results:[84, 7, 0, 1, 8]
MTurk:(4, 13),2,2.0,9.08,320,34.8062293275
Results:[77, 0, 12, 9, 2]
Umati:(9, 11),2,2.0,2.48,12,1.65215011425
Results:[8, 0, 0, 0, 92]
MTurk:(9, 11),2,2.0,2902.3,10000,4536.15142935
Results:[30, 10, 1, 7, 23]
Umati:(1, 4),2,2.0,902.82,10000,2860.93176563
Results:[39, 9, 1, 39, 3]
MTurk:(1, 4),2,2.0,3901.64,10000,4876.18827676
Results:[18, 3, 10, 17, 13]
Umati:(3, 9),2,2.0,2.16,6,0.611882341631
Results:[0, 0, 1, 0, 99]
MTurk:(3, 9),2,2.0,2302.5,10000,4206.95954223
Results:[4, 2, 26, 36, 9]
Umati:(2, 3),2,2.0,305.62,10000,1704.99784622
Results:[49, 38, 10, 0, 0]
MTurk:(2, 3),2,2.0,1903.08,10000,3921.51867949
Results:[12, 45, 18, 2, 4]
Umati:(1, 9),2,2.0,2902.08,10000,4536.29184176
Results:[14, 2, 20, 22, 13]
MTurk:(1, 9),2,2.0,2802.48,10000,4488.44435519
Results:[4, 38, 0, 26, 4]
Umati:(8, 7),2,2.0,2502.2,10000,4328.85770152
Results:[16, 8, 23, 27, 1]
MTurk:(8, 7),2,2.0,10.26,310,33.3174488819
Results:[1, 3, 17, 0, 79]
Umati:(4, 2),2,2.0,2002.92,10000,3998.54161834
Results:[55, 13, 5, 0, 7]
MTurk:(4, 2),2,2.0,1502.64,10000,3569.60589287
Results:[42, 1, 11, 31, 0]
Umati:(9, 6),2,2.0,2.14,8,0.707389567353
Results:[8, 0, 0, 1, 91]
MTurk:(9, 6),2,2.0,2.6,22,2.4248711306
Results:[9, 0, 1, 0, 90]
Umati:(6, 5),2,2.0,2.14,8,0.76183987819
Results:[97, 1, 0, 0, 2]
MTurk:(6, 5),2,2.0,605.12,10000,2373.60260061
Results:[54, 2, 0, 3, 35]
Umati:(5, 3),2,2.0,1902.46,10000,3921.81864808
Results:[40, 9, 0, 5, 27]
MTurk:(5, 3),2,2.0,2102.84,10000,4071.62244988
Results:[20, 1, 16, 2, 40]
Umati:(6, 8),2,2.0,804.4,10000,2711.67203032
Results:[10, 27, 55, 0, 0]
MTurk:(6, 8),2,2.0,1203.58,10000,3248.2982658
Results:[50, 1, 1, 22, 14]
Umati:(7, 13),2,2.0,8.04,176,20.7055161732
Results:[83, 7, 3, 2, 5]
MTurk:(7, 13),2,2.0,2602.06,10000,4385.12180406
Results:[31, 0, 26, 11, 6]
Umati:(1, 7),2,2.0,2902.24,10000,4536.19038648
Results:[13, 1, 17, 11, 29]
MTurk:(1, 7),2,2.0,3801.52,10000,4852.67455426
Results:[11, 3, 18, 14, 16]
Umati:(3, 4),2,2.0,15.9,452,61.6145275077
Results:[17, 1, 0, 9, 73]
MTurk:(3, 4),2,2.0,1902.84,10000,3921.63579319
Results:[17, 2, 16, 44, 2]
Umati:(2, 4),2,2.0,2.54,10,1.51934196282
Results:[86, 9, 0, 1, 4]
MTurk:(2, 4),2,2.0,2202.6,10000,4141.08397886
Results:[49, 6, 1, 20, 2]
Umati:(9, 12),2,2.0,2.22,10,0.975499871861
Results:[1, 0, 0, 11, 88]
MTurk:(9, 12),2,2.0,2402.16,10000,4269.61788154
Results:[35, 0, 11, 5, 25]
Umati:(8, 4),2,2.0,6.24,172,18.7174357218
Results:[80, 1, 2, 8, 9]
MTurk:(8, 4),2,2.0,1803.08,10000,3840.43445896
Results:[42, 1, 19, 19, 1]
Umati:(5, 9),2,2.0,2.16,6,0.611882341631
Results:[98, 1, 1, 0, 0]
MTurk:(5, 9),2,2.0,2602.2,10000,4385.03946162
Results:[32, 4, 32, 3, 3]
Umati:(4, 7),2,2.0,2.36,8,1.1447270417
Results:[100, 0, 0, 0, 0]
MTurk:(4, 7),2,2.0,2102.58,10000,4071.75331566
Results:[20, 45, 0, 12, 2]
Umati:(9, 1),2,2.0,2.26,6,0.832105762509
Results:[6, 0, 0, 0, 94]
MTurk:(9, 1),2,2.0,1703.6,10000,3754.70339707
Results:[53, 1, 13, 15, 1]
Umati:(6, 6),2,2.0,2.4,14,1.69705627485
Results:[14, 0, 0, 1, 85]
MTurk:(6, 6),2,2.0,7.86,288,32.1014080688
Results:[10, 0, 1, 7, 82]
Umati:(5, 6),2,2.0,2.1,8,0.65574385243
Results:[100, 0, 0, 0, 0]
MTurk:(5, 6),2,2.0,3.78,64,7.09870410709
Results:[88, 1, 9, 0, 2]
Umati:(7, 7),2,2.0,2402.26,10000,4269.56264416
Results:[16, 5, 10, 6, 39]
MTurk:(7, 7),2,2.0,7.7,172,24.2030989751
Results:[12, 2, 1, 2, 83]
Umati:(1, 2),2,2.0,507.02,10000,2177.91269788
Results:[54, 0, 18, 3, 20]
MTurk:(1, 2),2,2.0,3601.78,10000,4798.66534691
Results:[1, 9, 5, 36, 13]
Umati:(4, 9),2,2.0,2.08,6,0.483321838944
Results:[99, 1, 0, 0, 0]
MTurk:(4, 9),2,2.0,1303.08,10000,3361.84589082
Results:[38, 0, 44, 4, 1]
Umati:(3, 3),2,2.0,202.88,10000,1399.60040926
Results:[43, 52, 3, 0, 0]
MTurk:(3, 3),2,2.0,1803.42,10000,3840.275889
Results:[49, 17, 13, 2, 1]
Umati:(2, 9),2,2.0,703.9,10000,2550.40908679
Results:[29, 0, 5, 1, 58]
MTurk:(2, 9),2,2.0,1702.58,10000,3755.16134721
Results:[6, 7, 33, 35, 2]
Umati:(8, 1),2,2.0,3601.68,10000,4798.74016567
Results:[5, 4, 8, 15, 32]
MTurk:(8, 1),2,2.0,9.12,184,27.1120932427
Results:[74, 3, 2, 2, 19]
Umati:(5, 12),2,2.0,240.92,10000,1423.59450463
Results:[72, 2, 1, 1, 22]
MTurk:(5, 12),2,2.0,1902.34,10000,3921.87621482
Results:[39, 6, 20, 15, 1]
Umati:(4, 4),2,2.0,1602.88,10000,3664.80532984
Results:[53, 3, 5, 22, 1]
MTurk:(4, 4),2,2.0,1603.9,10000,3664.36985442
Results:[1, 0, 15, 47, 21]
Umati:(6, 3),2,2.0,2.12,8,0.738647412505
Results:[18, 0, 0, 0, 82]
MTurk:(6, 3),2,2.0,5.92,86,13.6847944815
Results:[18, 1, 2, 1, 78]
Umati:(7, 10),2,2.0,2.34,8,1.16807534004
Results:[97, 2, 0, 0, 1]
MTurk:(7, 10),2,2.0,1111.92,10000,3125.04361467
Results:[66, 3, 2, 6, 12]
Umati:(8, 11),2,2.0,307.28,10000,1704.76852435
Results:[61, 0, 24, 10, 2]
MTurk:(8, 11),2,2.0,1204.62,10000,3247.91817255
Results:[55, 4, 1, 3, 25]
Umati:(9, 10),2,2.0,2.54,16,2.18824130296
Results:[6, 1, 0, 0, 93]
MTurk:(9, 10),2,2.0,2302.0,10000,4207.23231591
Results:[16, 8, 0, 6, 47]
Umati:(6, 12),2,2.0,1002.38,10000,2999.20741123
Results:[16, 0, 0, 40, 34]
MTurk:(6, 12),2,2.0,1803.26,10000,3840.35068873
Results:[49, 1, 4, 10, 18]
Umati:(7, 9),2,2.0,2.12,10,0.84
Results:[98, 1, 1, 0, 0]
MTurk:(7, 9),2,2.0,5.64,200,20.3929007255
Results:[6, 4, 3, 83, 4]
Umati:(3, 8),2,2.0,4.34,136,13.5264333806
Results:[9, 0, 7, 6, 78]
MTurk:(3, 8),2,2.0,3002.12,10000,4581.1882373
Results:[24, 11, 1, 25, 9]
Umati:(1, 8),2,2.0,2.0,2,0.0
Results:[100, 0, 0, 0, 0]
MTurk:(1, 8),2,2.0,2601.96,10000,4385.18084444
Results:[25, 1, 9, 30, 9]
Umati:(8, 8),2,2.0,609.38,10000,2372.77904062
Results:[2, 12, 65, 15, 0]
MTurk:(8, 8),2,2.0,1604.22,10000,3664.22777562
Results:[19, 57, 6, 1, 1]
Umati:(4, 3),2,2.0,1103.42,10000,3127.69973361
Results:[59, 22, 5, 3, 0]
MTurk:(4, 3),2,2.0,1802.88,10000,3840.52713382
Results:[47, 0, 23, 9, 3]
Umati:(9, 5),2,2.0,2.44,10,1.34402380931
Results:[8, 0, 0, 1, 91]
MTurk:(9, 5),2,3.0,3102.48,10000,4623.27125849
Results:[11, 13, 2, 39, 4]
Umati:(5, 2),2,2.0,2.06,4,0.341174442185
Results:[3, 1, 0, 1, 95]
MTurk:(5, 2),2,2.0,703.3,10000,2550.57037347
Results:[1, 2, 58, 30, 2]
Umati-All:(5, 2),2,2.0,577.406095238,10000,2324.27483484
MTurk-All:(5, 2),2,2.0,1525.45580952,10000,3589.31711471
